Country Code|Hotel No|Post Code|Room price limit|Roomprice tax %|Breakfast tax %|Deduction type|Deductible amount
|102122|||21,0000000000000000|||
|106815|||20,0000000000000000|||
|106826|||20,0000000000000000|||
|107415|||20,0000000000000000|||
|109225|||20,0000000000000000|||
|1123|||20,0000000000000000|||
|127393|||20,0000000000000000|||
|142878|||20,0000000000000000|||
|146714|||20,0000000000000000|||
|150747|||20,0000000000000000|||
|159985|||20,0000000000000000|||
|163433|||20,0000000000000000|||
|171252|||20,0000000000000000|||
|171258|||20,0000000000000000|||
|17371|||20,0000000000000000|||
|215042|||12,5000000000000000|||
|215429|||17,0000000000000000|||
|217165|||20,0000000000000000|||
|217176|||20,0000000000000000|||
|217179|||20,0000000000000000|||
|217181|||20,0000000000000000|||
|217182|||29,5000000000000000|||
|217190|||20,0000000000000000|||
|217560|||20,0000000000000000|||
|217561|||20,0000000000000000|||
|217758|||22,1500000000000000|||
|217767|||21,5000000000000000|||
|223763|||20,9000000000000000|||
|24207|||19,0000000000000000|||
|258689|||20,0000000000000000|||
|373521|||20,0000000000000000|||
|389929|||19,0000000000000000|||
|392268|||20,0000000000000000|||
|398032|||20,0000000000000000|||
|402983|||20,0000000000000000|||
|417359|||24,5000000000000000|||
|427998|||20,0000000000000000|||
|430791|||20,0000000000000000|||
|43159|||20,0000000000000000|||
|431953|||20,0000000000000000|||
|444669|||20,0000000000000000|||
|45155|||20,0000000000000000|||
|458637|||20,0000000000000000|||
|459083|||16,2000000000000000|||
|459686|||20,0000000000000000|||
|518823|||20,0000000000000000|||
|535371|||20,0000000000000000|||
|538829|||21,5000000000000000|||
|539471|||20,0000000000000000|||
|540075|||19,9000000000000000|||
|540474|||20,0000000000000000|||
|540480|||20,0000000000000000|||
|541175|||20,0000000000000000|||
|541353|||20,0000000000000000|||
|545436|||20,0000000000000000|||
|546694|||20,0000000000000000|||
|547446|||21,5000000000000000|||
|549573|||20,0000000000000000|||
|563302|||20,0000000000000000|||
|574716|||20,0000000000000000|||
|578311|||20,0000000000000000|||
|578541|||20,0000000000000000|||
|588740|||20,0000000000000000|||
|60597|||21,5000000000000000|||
|621952|||20,0000000000000000|||
|62317|||20,0000000000000000|||
|646921|||19,0000000000000000|||
|64826|||29,5000000000000000|||
|64929|||20,0000000000000000|||
|83843|||20,0000000000000000|||
|83844|||20,0000000000000000|||
|86775|||25,0000000000000000|||
||00000||||after tax|5,00000000000000000000
||04193||||after tax|5,00000000000000000000
||10115||||after tax|5,00000000000000000000
||10117||||after tax|5,00000000000000000000
||10119||||after tax|5,00000000000000000000
||10149||||after tax|5,00000000000000000000
||10177||||after tax|5,00000000000000000000
||10178||||after tax|5,00000000000000000000
||10179||||after tax|5,00000000000000000000
||10243||||after tax|5,00000000000000000000
||10245||||after tax|5,00000000000000000000
||10247||||after tax|5,00000000000000000000
||10249||||after tax|5,00000000000000000000
||10315||||after tax|5,00000000000000000000
||10317||||after tax|5,00000000000000000000
||10318||||after tax|5,00000000000000000000
||10319||||after tax|5,00000000000000000000
||10365||||after tax|5,00000000000000000000
||10367||||after tax|5,00000000000000000000
||10369||||after tax|5,00000000000000000000
||10405||||after tax|5,00000000000000000000
||10407||||after tax|5,00000000000000000000
||10409||||after tax|5,00000000000000000000
||10435||||after tax|5,00000000000000000000
||10437||||after tax|5,00000000000000000000
||10439||||after tax|5,00000000000000000000
||10551||||after tax|5,00000000000000000000
||10553||||after tax|5,00000000000000000000
||10555||||after tax|5,00000000000000000000
||10557||||after tax|5,00000000000000000000
||10559||||after tax|5,00000000000000000000
||10585||||after tax|5,00000000000000000000
||10587||||after tax|5,00000000000000000000
||10589||||after tax|5,00000000000000000000
||10595||||after tax|5,00000000000000000000
||10623||||after tax|5,00000000000000000000
||10625||||after tax|5,00000000000000000000
||10627||||after tax|5,00000000000000000000
||10629||||after tax|5,00000000000000000000
||10635||||after tax|5,00000000000000000000
||10637||||after tax|5,00000000000000000000
||10707||||after tax|5,00000000000000000000
||10709||||after tax|5,00000000000000000000
||10711||||after tax|5,00000000000000000000
||10713||||after tax|5,00000000000000000000
||10715||||after tax|5,00000000000000000000
||10717||||after tax|5,00000000000000000000
||10718||||after tax|5,00000000000000000000
||10719||||after tax|5,00000000000000000000
||10777||||after tax|5,00000000000000000000
||10779||||after tax|5,00000000000000000000
||10781||||after tax|5,00000000000000000000
||10783||||after tax|5,00000000000000000000
||10785||||after tax|5,00000000000000000000
||10787||||after tax|5,00000000000000000000
||10789||||after tax|5,00000000000000000000
||10823||||after tax|5,00000000000000000000
||10827||||after tax|5,00000000000000000000
||10829||||after tax|5,00000000000000000000
||10888||||after tax|5,00000000000000000000
||10957||||after tax|5,00000000000000000000
||10961||||after tax|5,00000000000000000000
||10963||||after tax|5,00000000000000000000
||10965||||after tax|5,00000000000000000000
||10967||||after tax|5,00000000000000000000
||10969||||after tax|5,00000000000000000000
||10997||||after tax|5,00000000000000000000
||10999||||after tax|5,00000000000000000000
||12005||||after tax|5,00000000000000000000
||12043||||after tax|5,00000000000000000000
||12047||||after tax|5,00000000000000000000
||12049||||after tax|5,00000000000000000000
||12051||||after tax|5,00000000000000000000
||12053||||after tax|5,00000000000000000000
||12055||||after tax|5,00000000000000000000
||12057||||after tax|5,00000000000000000000
||12099||||after tax|5,00000000000000000000
||12101||||after tax|5,00000000000000000000
||12103||||after tax|5,00000000000000000000
||12105||||after tax|5,00000000000000000000
||12107||||after tax|5,00000000000000000000
||12109||||after tax|5,00000000000000000000
||12157||||after tax|5,00000000000000000000
||12159||||after tax|5,00000000000000000000
||12161||||after tax|5,00000000000000000000
||12163||||after tax|5,00000000000000000000
||12165||||after tax|5,00000000000000000000
||12167||||after tax|5,00000000000000000000
||12169||||after tax|5,00000000000000000000
||12203||||after tax|5,00000000000000000000
||12205||||after tax|5,00000000000000000000
||12207||||after tax|5,00000000000000000000
||12209||||after tax|5,00000000000000000000
||12247||||after tax|5,00000000000000000000
||12249||||after tax|5,00000000000000000000
||12277||||after tax|5,00000000000000000000
||12305||||after tax|5,00000000000000000000
||12307||||after tax|5,00000000000000000000
||12309||||after tax|5,00000000000000000000
||12347||||after tax|5,00000000000000000000
||12351||||after tax|5,00000000000000000000
||12357||||after tax|5,00000000000000000000
||12359||||after tax|5,00000000000000000000
||12435||||after tax|5,00000000000000000000
||12439||||after tax|5,00000000000000000000
||12459||||after tax|5,00000000000000000000
||12487||||after tax|5,00000000000000000000
||12489||||after tax|5,00000000000000000000
||12526||||after tax|5,00000000000000000000
||12527||||after tax|5,00000000000000000000
||12529||||after tax|5,00000000000000000000
||12555||||after tax|5,00000000000000000000
||12557||||after tax|5,00000000000000000000
||12559||||after tax|5,00000000000000000000
||12587||||after tax|5,00000000000000000000
||12589||||after tax|5,00000000000000000000
||12621||||after tax|5,00000000000000000000
||12623||||after tax|5,00000000000000000000
||12627||||after tax|5,00000000000000000000
||12681||||after tax|5,00000000000000000000
||12683||||after tax|5,00000000000000000000
||12685||||after tax|5,00000000000000000000
||13051||||after tax|5,00000000000000000000
||13053||||after tax|5,00000000000000000000
||13055||||after tax|5,00000000000000000000
||13086||||after tax|5,00000000000000000000
||13088||||after tax|5,00000000000000000000
||13089||||after tax|5,00000000000000000000
||13125||||after tax|5,00000000000000000000
||13127||||after tax|5,00000000000000000000
||13129||||after tax|5,00000000000000000000
||13156||||after tax|5,00000000000000000000
||13187||||after tax|5,00000000000000000000
||13189||||after tax|5,00000000000000000000
||13347||||after tax|5,00000000000000000000
||13349||||after tax|5,00000000000000000000
||13353||||after tax|5,00000000000000000000
||13355||||after tax|5,00000000000000000000
||13357||||after tax|5,00000000000000000000
||13359||||after tax|5,00000000000000000000
||13403||||after tax|5,00000000000000000000
||13405||||after tax|5,00000000000000000000
||13407||||after tax|5,00000000000000000000
||13409||||after tax|5,00000000000000000000
||13435||||after tax|5,00000000000000000000
||13465||||after tax|5,00000000000000000000
||13467||||after tax|5,00000000000000000000
||13469||||after tax|5,00000000000000000000
||13503||||after tax|5,00000000000000000000
||13505||||after tax|5,00000000000000000000
||13507||||after tax|5,00000000000000000000
||13509||||after tax|5,00000000000000000000
||13581||||after tax|5,00000000000000000000
||13583||||after tax|5,00000000000000000000
||13585||||after tax|5,00000000000000000000
||13587||||after tax|5,00000000000000000000
||13591||||after tax|5,00000000000000000000
||13593||||after tax|5,00000000000000000000
||13595||||after tax|5,00000000000000000000
||13597||||after tax|5,00000000000000000000
||13627||||after tax|5,00000000000000000000
||13629||||after tax|5,00000000000000000000
||13661||||after tax|5,00000000000000000000
||14050||||after tax|5,00000000000000000000
||14052||||after tax|5,00000000000000000000
||14055||||after tax|5,00000000000000000000
||14057||||after tax|5,00000000000000000000
||14059||||after tax|5,00000000000000000000
||14089||||after tax|5,00000000000000000000
||14109||||after tax|5,00000000000000000000
||14129||||after tax|5,00000000000000000000
||14163||||after tax|5,00000000000000000000
||14165||||after tax|5,00000000000000000000
||14167||||after tax|5,00000000000000000000
||14169||||after tax|5,00000000000000000000
||14193||||after tax|5,00000000000000000000
||14195||||after tax|5,00000000000000000000
||14197||||after tax|5,00000000000000000000
||14199||||after tax|5,00000000000000000000
||14467||||after tax|5,00000000000000000000
||14471||||after tax|5,00000000000000000000
||14482||||after tax|5,00000000000000000000
||14513||||after tax|5,00000000000000000000
||14979||||after tax|5,00000000000000000000
||15831||||after tax|5,00000000000000000000
||16283||||after tax|5,00000000000000000000
||16321||||after tax|5,00000000000000000000
||16540||||after tax|5,00000000000000000000
||50447||||after tax|5,00000000000000000000
||50449||||after tax|5,00000000000000000000
||50450||||after tax|5,00000000000000000000
||50475||||after tax|5,00000000000000000000
||50517||||after tax|5,00000000000000000000
||50523||||after tax|5,00000000000000000000
||50524||||after tax|5,00000000000000000000
||50667||||after tax|5,00000000000000000000
||50668||||after tax|5,00000000000000000000
||50670||||after tax|5,00000000000000000000
||50672||||after tax|5,00000000000000000000
||50674||||after tax|5,00000000000000000000
||50676||||after tax|5,00000000000000000000
||50677||||after tax|5,00000000000000000000
||50678||||after tax|5,00000000000000000000
||50679||||after tax|5,00000000000000000000
||50686||||after tax|5,00000000000000000000
||50689||||after tax|5,00000000000000000000
||50733||||after tax|5,00000000000000000000
||50735||||after tax|5,00000000000000000000
||50737||||after tax|5,00000000000000000000
||50739||||after tax|5,00000000000000000000
||50765||||after tax|5,00000000000000000000
||50767||||after tax|5,00000000000000000000
||50769||||after tax|5,00000000000000000000
||50773||||after tax|5,00000000000000000000
||50823||||after tax|5,00000000000000000000
||50825||||after tax|5,00000000000000000000
||50827||||after tax|5,00000000000000000000
||50829||||after tax|5,00000000000000000000
||50837||||after tax|5,00000000000000000000
||50858||||after tax|5,00000000000000000000
||50859||||after tax|5,00000000000000000000
||50868||||after tax|5,00000000000000000000
||50879||||after tax|5,00000000000000000000
||50931||||after tax|5,00000000000000000000
||50933||||after tax|5,00000000000000000000
||50935||||after tax|5,00000000000000000000
||50937||||after tax|5,00000000000000000000
||50939||||after tax|5,00000000000000000000
||50968||||after tax|5,00000000000000000000
||50969||||after tax|5,00000000000000000000
||50977||||after tax|5,00000000000000000000
||50996||||after tax|5,00000000000000000000
||50997||||after tax|5,00000000000000000000
||50999||||after tax|5,00000000000000000000
||51061||||after tax|5,00000000000000000000
||51063||||after tax|5,00000000000000000000
||51065||||after tax|5,00000000000000000000
||51067||||after tax|5,00000000000000000000
||51069||||after tax|5,00000000000000000000
||51103||||after tax|5,00000000000000000000
||51105||||after tax|5,00000000000000000000
||51107||||after tax|5,00000000000000000000
||51109||||after tax|5,00000000000000000000
||51143||||after tax|5,00000000000000000000
||51145||||after tax|5,00000000000000000000
||51147||||after tax|5,00000000000000000000
||51149||||after tax|5,00000000000000000000
||53607||||after tax|5,00000000000000000000
||DE-50667||||after tax|5,00000000000000000000
1||||25,5000000000000000|,0000000000000000||
2||||,0000000000000000|,0000000000000000||
3||||,0000000000000000|,0000000000000000||
4||||,0000000000000000|,0000000000000000||
5||||20,0000000000000000|,0000000000000000||
6||||,0000000000000000|,0000000000000000||
7||||,0000000000000000|,0000000000000000||
8||||10,5000000000000000|,0000000000000000||
9||||21,0000000000000000|,0000000000000000||
10||||10,0000000000000000|,0000000000000000||
11||||,0000000000000000|,0000000000000000||
12||||15,0000000000000000|,0000000000000000||
13||||26,5000000000000000|,0000000000000000||
14||||,0000000000000000|,0000000000000000||
15||||6,0000000000000000|,0000000000000000||
16||||,0000000000000000|,0000000000000000||
17||||,0000000000000000|,0000000000000000||
18||||,0000000000000000|,0000000000000000||
19||||,0000000000000000|,0000000000000000||
20||||,0000000000000000|,0000000000000000||
21||||16,0000000000000000|,0000000000000000||
22||||,0000000000000000|,0000000000000000||
23||||17,0000000000000000|,0000000000000000||
24||||,0000000000000000|,0000000000000000||
25||||9,0000000000000000|,0000000000000000||
26||||,0000000000000000|,0000000000000000||
27||||,0000000000000000|,0000000000000000||
28||||19,0000000000000000|,0000000000000000||
29||||23,0000000000000000|,0000000000000000||
30||||5,0000000000000000|,0000000000000000||
31||||16,3900000000000000|,0000000000000000||
32||||25,0000000000000000|,0000000000000000||
33||||7,0000000000000000|5,0000000000000000||
34||||,0000000000000000|,0000000000000000||
35||||26,0000000000000000|,0000000000000000||
36||||,0000000000000000|,0000000000000000||
37||||24,0000000000000000|,0000000000000000||
38||||,0000000000000000|,0000000000000000||
39||||13,0000000000000000|,0000000000000000||
40||||,0000000000000000|,0000000000000000||
41||||15,0000000000000000|,0000000000000000||
42||||10,0000000000000000|,0000000000000000||
43||||10,0000000000000000|,0000000000000000||
44||||,0000000000000000|,0000000000000000||
45||||,0000000000000000|,0000000000000000||
46||||,0000000000000000|,0000000000000000||
47||||,0000000000000000|,0000000000000000||
48||||,0000000000000000|,0000000000000000||
49||||13,0000000000000000|23,0000000000000000||
50||||20,0000000000000000|,0000000000000000||
51||||24,0000000000000000|,0000000000000000||
52||||,0000000000000000|,0000000000000000||
53||||,0000000000000000|,0000000000000000||
54||||,0000000000000000|,0000000000000000||
55||||,0000000000000000|,0000000000000000||
56||||12,0000000000000000|,0000000000000000||
57||||10,0000000000000000|,0000000000000000||
58||||18,0000000000000000|,0000000000000000||
59||||11,0000000000000000|,0000000000000000||
60||||,0000000000000000|,0000000000000000||
61||||,0000000000000000|,0000000000000000||
62||||13,5000000000000000|,0000000000000000||
63||||25,5000000000000000|,0000000000000000||
64||||16,0000000000000000|,0000000000000000||
65||||10,0000000000000000|,0000000000000000||
66||||,0000000000000000|,0000000000000000||
67||||18,8000000000000000|,0000000000000000||
68||||13,0000000000000000|,0000000000000000||
69||||,0000000000000000|,0000000000000000||
70||||14,0000000000000000|,0000000000000000||
71||||18,0000000000000000|,0000000000000000||
72||||,0000000000000000|,0000000000000000||
73||||,0000000000000000|,0000000000000000||
74||||18,0000000000000000|,0000000000000000||
75||||18,0000000000000000|,0000000000000000||
76||||,0000000000000000|,0000000000000000||
77||||15,0000000000000000|,0000000000000000||
78||||29,6000000000000000|,0000000000000000||
79||||10,0000000000000000|,0000000000000000||
80||||,0000000000000000|,0000000000000000||
81||||,0000000000000000|,0000000000000000||
82||||10,0000000000000000|,0000000000000000||
83||||21,0000000000000000|,0000000000000000||
84||||,0000000000000000|,0000000000000000||
85||||15,0000000000000000|,0000000000000000||
86||||21,0000000000000000|,0000000000000000||
87||||,0000000000000000|,0000000000000000||
88||||11,0000000000000000|,0000000000000000||
89||||,0000000000000000|,0000000000000000||
90||||,0000000000000000|,0000000000000000||
91||||3,0000000000000000|,0000000000000000||
92||||15,0000000000000000|,0000000000000000||
93||||,0000000000000000|,0000000000000000||
94||||,0000000000000000|,0000000000000000||
95||||8,0000000000000000|,0000000000000000||
96||||,0000000000000000|,0000000000000000||
97||||,0000000000000000|,0000000000000000||
98||||7,0000000000000000|,0000000000000000||
99||||20,0000000000000000|,0000000000000000||
100||||,0000000000000000|,0000000000000000||
101||||15,0000000000000000|,0000000000000000||
102||||19,0000000000000000|,0000000000000000||
103||||,0000000000000000|,0000000000000000||
104||||,0000000000000000|,0000000000000000||
105||||,0000000000000000|,0000000000000000||
106||||,0000000000000000|,0000000000000000||
107||||15,0000000000000000|,0000000000000000||
108||||15,0000000000000000|,0000000000000000||
109||||,0000000000000000|,0000000000000000||
110||||9,0000000000000000|,0000000000000000||
111||||,0000000000000000|,0000000000000000||
112||||15,0000000000000000|,0000000000000000||
113||||12,0000000000000000|,0000000000000000||
114||||10,0000000000000000|10,0000000000000000||
115||||17,0000000000000000|,0000000000000000||
116||||25,0000000000000000|,0000000000000000||
117||||10,0000000000000000|,0000000000000000||
118||||,0000000000000000|,0000000000000000||
119||||10,0000000000000000|,0000000000000000||
120||||28,0000000000000000|,0000000000000000||
121||||22,8300000000000000|,0000000000000000||
122||||8,0000000000000000|,0000000000000000||
123||||6,0000000000000000|,0000000000000000||
124||||,0000000000000000|,0000000000000000||
125||||13,0000000000000000|,0000000000000000||
126||||10,0000000000000000|,0000000000000000||
127||||,0000000000000000|,0000000000000000||
128||||,0000000000000000|,0000000000000000||
129||||,0000000000000000|,0000000000000000||
130||||10,0000000000000000|,0000000000000000||
131||||12,0000000000000000|,0000000000000000||
132||||3,8000000000000000|,0000000000000000||
133||||,0000000000000000|,0000000000000000||
134||||7,0000000000000000|,0000000000000000||
135||||,0000000000000000|,0000000000000000||
136||||,0000000000000000|,0000000000000000||
137||||19,0000000000000000|,0000000000000000||
138||||,0000000000000000|,0000000000000000||
139||||,0000000000000000|,0000000000000000||
140||||10,0000000000000000|,0000000000000000||
141||||25,0000000000000000|,0000000000000000||
142||||,0000000000000000|,0000000000000000||
143||||,0000000000000000|,0000000000000000||
144||||,0000000000000000|,0000000000000000||
145||||,0000000000000000|,0000000000000000||
146||||15,0000000000000000|,0000000000000000||
147||||,0000000000000000|,0000000000000000||
148||||,0000000000000000|,0000000000000000||
149||||12,0000000000000000|,0000000000000000||
150||||23,0000000000000000|,0000000000000000||
151||||10,0000000000000000|,0000000000000000||
152||||,0000000000000000|,0000000000000000||
153||||,0000000000000000|,0000000000000000||
154||||15,0000000000000000|,0000000000000000||
155||||,0000000000000000|,0000000000000000||
156||||16,4300000000000000|,0000000000000000||
157||||8,0000000000000000|,0000000000000000||
158||||,0000000000000000|,0000000000000000||
159||||,0000000000000000|,0000000000000000||
160||||22,0000000000000000|,0000000000000000||
161||||22,0000000000000000|,0000000000000000||
162||||,0000000000000000|,0000000000000000||
163||||9,0000000000000000|,0000000000000000||
164||||22,0000000000000000|,0000000000000000||
165||||15,0000000000000000|,0000000000000000||
166||||,0000000000000000|,0000000000000000||
167||||,0000000000000000|,0000000000000000||
168||||,0000000000000000|,0000000000000000||
169||||8,0000000000000000|,0000000000000000||
170||||,0000000000000000|,0000000000000000||
171||||,0000000000000000|,0000000000000000||
172||||10,0000000000000000|,0000000000000000||
173||||,0000000000000000|,0000000000000000||
174||||19,6000000000000000|,0000000000000000||
175||||5,5000000000000000|,0000000000000000||
176||||4,0000000000000000|,0000000000000000||
177||||,0000000000000000|,0000000000000000||
178||||25,0000000000000000|,0000000000000000||
180||||,0000000000000000|,0000000000000000||
186||||,0000000000000000|,0000000000000000||
191||||,0000000000000000|,0000000000000000||
192||||,0000000000000000|,0000000000000000||
193||||5,5000000000000000|,0000000000000000||
194||||,0000000000000000|,0000000000000000||
195||||17,0000000000000000|,0000000000000000||
197||||7,0000000000000000|,0000000000000000||
198||||9,5000000000000000|,0000000000000000||
199||||24,0000000000000000|,0000000000000000||
200||||10,0000000000000000|,0000000000000000||
201||||9,0000000000000000|,0000000000000000||
202||||20,0000000000000000|,0000000000000000||
223||||12,0000000000000000|,0000000000000000||
224||||25,0000000000000000|,0000000000000000||
225||||20,0000000000000000|,0000000000000000||
226||||18,6500000000000000|,0000000000000000||
227||||,0000000000000000|,0000000000000000||
228||||17,0000000000000000|,0000000000000000||
229||||,0000000000000000|,0000000000000000||
230||||18,0000000000000000|,0000000000000000||
231||||,0000000000000000|,0000000000000000||
232||||,0000000000000000|,0000000000000000||
233||||,0000000000000000|,0000000000000000||
234||||21,0000000000000000|,0000000000000000||
235||||,0000000000000000|,0000000000000000||
236||||19,0000000000000000|,0000000000000000||
237||||,0000000000000000|,0000000000000000||
238||||,0000000000000000|,0000000000000000||
239||||17,0000000000000000|,0000000000000000||
240||||,0000000000000000|,0000000000000000||
241||||8,0000000000000000|,0000000000000000||
242||||,0000000000000000|,0000000000000000||
244||||,0000000000000000|,0000000000000000||
245||||,0000000000000000|,0000000000000000||
246||||25,1500000000000000|,0000000000000000||
247||||,0000000000000000|,0000000000000000||
248||||,0000000000000000|,0000000000000000||
249||||,0000000000000000|,0000000000000000||
250||||,0000000000000000|,0000000000000000||
251||||,0000000000000000|,0000000000000000||
252||||,0000000000000000|,0000000000000000||
253||||,0000000000000000|,0000000000000000||
254||||17,0000000000000000|,0000000000000000||
256||||,0000000000000000|,0000000000000000||
257||||,0000000000000000|,0000000000000000||
258||||,0000000000000000|,0000000000000000||
259||||7,0000000000000000|,0000000000000000||
260||||,0000000000000000|,0000000000000000||
261||||,0000000000000000|,0000000000000000||
262||||,0000000000000000|,0000000000000000||
263||||,0000000000000000|,0000000000000000||
264||||18,0000000000000000|,0000000000000000||
265||||,0000000000000000|,0000000000000000||
266||||,0000000000000000|,0000000000000000||
267||||,0000000000000000|,0000000000000000||
268||||,0000000000000000|,0000000000000000||
269||||,0000000000000000|,0000000000000000||
270||||,0000000000000000|,0000000000000000||
271||||,0000000000000000|,0000000000000000||
272||||,0000000000000000|,0000000000000000||
273||||,0000000000000000|,0000000000000000||
274||||,0000000000000000|,0000000000000000||
275||||,0000000000000000|,0000000000000000||
276||||,0000000000000000|,0000000000000000||
277||||,0000000000000000|,0000000000000000||
